HOUR: 14; MIN: 56; MEASUREMENT: 5.500000
HOUR: 9; MIN: 29; MEASUREMENT: 4.850000
HOUR: 24; MIN: 69; MEASUREMENT: 69.420000
